probe              side        x1       x2    right       sb       sa    pitch     <- change from that side's own control
control-none       ref       0.00     0.00     0.00     0.00     0.00     0.00
control-none       ours      0.00     0.00     0.00     0.00     0.00     0.00
inh-fihang         ref       0.00     0.00     0.00     0.00     0.00     0.00
inh-fihang         ours      0.00     0.00     0.00     0.00     0.00     0.00
inh-fiindent       ref       0.00     0.00     0.00     0.00     0.00     0.00
inh-fiindent       ours      0.00     0.00     0.00     0.00     0.00     0.00
inh-keepn          ref       0.00     0.00     0.00     0.00     0.00     0.00
inh-keepn          ours      0.00     0.00     0.00     0.00     0.00     0.00
inh-li720          ref       0.00     0.00     0.00     0.00     0.00     0.00
inh-li720          ours      0.00     0.00     0.00     0.00     0.00     0.00
inh-qc             ref       5.05     3.40     3.63     0.00     0.00     0.00
inh-qc             ours      5.04     3.40     3.39     0.00     0.00     0.00
inh-qj             ref       0.00     0.00     7.03     0.00     0.00     0.00
inh-qj             ours      0.00     0.00     6.79     0.00     0.00     0.00
inh-qr             ref      10.15     6.85     7.08     0.00     0.00     0.00
inh-qr             ours     10.08     6.79     6.79     0.00     0.00     0.00
inh-ri1440         ref       0.00     0.00     0.00     0.00     0.00     0.00
inh-ri1440         ours      0.00     0.00     0.00     0.00     0.00     0.00
inh-sa480          ref       0.00     0.00     0.00     0.00     0.00     0.00
inh-sa480          ours      0.00     0.00     0.00     0.00     0.00     0.00
inh-sb480          ref       0.00     0.00     0.00    24.00     0.00     0.00
inh-sb480          ours      0.00     0.00     0.00    24.00     0.00     0.00
inh-sl240mult      ref       0.00     0.00     0.00     0.00     0.00     0.00
inh-sl240mult      ours      0.00     0.00     0.00     0.00     0.00     0.00
inh-sl360          ref       0.00     0.00     0.00     0.00     0.00     0.00
inh-sl360          ours      0.00     0.00     0.00     0.00     0.00     0.00
inh-tx2880         ref       0.00     0.00     0.00     0.00     0.00     0.00
inh-tx2880         ours      0.00     0.00     0.00     0.00     0.00     0.00
own-fihang         ref       0.00     0.00     0.00     0.00     0.00     0.00
own-fihang         ours      0.00     0.00     0.00     0.00     0.00     0.00
own-fiindent       ref       0.00     0.00     0.00     0.00     0.00     0.00
own-fiindent       ours      0.00     0.00     0.00     0.00     0.00     0.00
own-keepn          ref       0.00     0.00     0.00     0.00     0.00     0.00
own-keepn          ours      0.00     0.00     0.00     0.00     0.00     0.00
own-li720          ref       0.00     0.00     0.00     0.00     0.00     0.00
own-li720          ours      0.00     0.00     0.00     0.00     0.00     0.00
own-qc             ref       0.00     0.00     0.00     0.00     0.00     0.00
own-qc             ours      0.00     0.00     0.00     0.00     0.00     0.00
own-qj             ref       0.00     0.00     0.00     0.00     0.00     0.00
own-qj             ours      0.00     0.00     0.00     0.00     0.00     0.00
own-qr             ref       0.00     0.00     0.00     0.00     0.00     0.00
own-qr             ours      0.00     0.00     0.00     0.00     0.00     0.00
own-ri1440         ref       0.00     0.00     0.00     0.00     0.00     0.00
own-ri1440         ours      0.00     0.00     0.00     0.00     0.00     0.00
own-sa480          ref       0.00     0.00     0.00     0.00     0.00     0.00
own-sa480          ours      0.00     0.00     0.00     0.00     0.00     0.00
own-sb480          ref       0.00     0.00     0.00     0.00     0.00     0.00
own-sb480          ours      0.00     0.00     0.00     0.00     0.00     0.00
own-sl240mult      ref       0.00     0.00     0.00     0.00     0.00     0.00
own-sl240mult      ours      0.00     0.00     0.00     0.00     0.00     0.00
own-sl360          ref       0.00     0.00     0.00     0.00     0.00     0.00
own-sl360          ours      0.00     0.00     0.00     0.00     0.00     0.00
own-tx2880         ref       0.00     0.00     0.00     0.00     0.00     0.00
own-tx2880         ours      0.00     0.00     0.00     0.00     0.00     0.00
s0-fihang          ref       0.00     0.00     0.00     0.00     0.00     0.00
s0-fihang          ours      0.00     0.00     0.00     0.00     0.00     0.00
s0-fiindent        ref       0.00     0.00     0.00     0.00     0.00     0.00
s0-fiindent        ours      0.00     0.00     0.00     0.00     0.00     0.00
s0-keepn           ref       0.00     0.00     0.00     0.00     0.00     0.00
s0-keepn           ours      0.00     0.00     0.00     0.00     0.00     0.00
s0-li720           ref       0.00     0.00     0.00     0.00     0.00     0.00
s0-li720           ours      0.00     0.00     0.00     0.00     0.00     0.00
s0-qc              ref       5.05     3.40     3.63     0.00     0.00     0.00
s0-qc              ours      5.04     3.40     3.39     0.00     0.00     0.00
s0-qj              ref       0.00     0.00     7.03     0.00     0.00     0.00
s0-qj              ours      0.00     0.00     6.79     0.00     0.00     0.00
s0-qr              ref      10.15     6.85     7.08     0.00     0.00     0.00
s0-qr              ours     10.08     6.79     6.79     0.00     0.00     0.00
s0-ri1440          ref       0.00     0.00     0.00     0.00     0.00     0.00
s0-ri1440          ours      0.00     0.00     0.00     0.00     0.00     0.00
s0-sa480           ref       0.00     0.00     0.00     0.00     0.00     0.00
s0-sa480           ours      0.00     0.00     0.00     0.00     0.00     0.00
s0-sb480           ref       0.00     0.00     0.00    24.00     0.00     0.00
s0-sb480           ours      0.00     0.00     0.00    24.00     0.00     0.00
s0-sl240mult       ref       0.00     0.00     0.00     0.00     0.00     0.00
s0-sl240mult       ours      0.00     0.00     0.00     0.00     0.00     0.00
s0-sl360           ref       0.00     0.00     0.00     0.00     0.00     0.00
s0-sl360           ours      0.00     0.00     0.00     0.00     0.00     0.00
s0-tx2880          ref       0.00     0.00     0.00     0.00     0.00     0.00
s0-tx2880          ours      0.00     0.00     0.00     0.00     0.00     0.00
zero-fihang        ref       0.00     0.00     0.00     0.00     0.00     0.00
zero-fihang        ours      0.00     0.00     0.00     0.00     0.00     0.00
zero-fiindent      ref       0.00     0.00     0.00     0.00     0.00     0.00
zero-fiindent      ours      0.00     0.00     0.00     0.00     0.00     0.00
zero-keepn         ref       0.00     0.00     0.00     0.00     0.00     0.00
zero-keepn         ours      0.00     0.00     0.00     0.00     0.00     0.00
zero-li720         ref       0.00     0.00     0.00     0.00     0.00     0.00
zero-li720         ours      0.00     0.00     0.00     0.00     0.00     0.00
zero-qc            ref       0.00     0.00     0.00     0.00     0.00     0.00
zero-qc            ours      0.00     0.00     0.00     0.00     0.00     0.00
zero-qj            ref       0.00     0.00     0.00     0.00     0.00     0.00
zero-qj            ours      0.00     0.00     0.00     0.00     0.00     0.00
zero-qr            ref       0.00     0.00     0.00     0.00     0.00     0.00
zero-qr            ours      0.00     0.00     0.00     0.00     0.00     0.00
zero-ri1440        ref       0.00     0.00     0.00     0.00     0.00     0.00
zero-ri1440        ours      0.00     0.00     0.00     0.00     0.00     0.00
zero-sa480         ref       0.00     0.00     0.00     0.00     0.00     0.00
zero-sa480         ours      0.00     0.00     0.00     0.00     0.00     0.00
zero-sb480         ref       0.00     0.00     0.00     0.00     0.00     0.00
zero-sb480         ours      0.00     0.00     0.00     0.00     0.00     0.00
zero-sl240mult     ref       0.00     0.00     0.00     0.00     0.00     0.00
zero-sl240mult     ours      0.00     0.00     0.00     0.00     0.00     0.00
zero-sl360         ref       0.00     0.00     0.00     0.00     0.00     0.00
zero-sl360         ours      0.00     0.00     0.00     0.00     0.00     0.00
zero-tx2880        ref       0.00     0.00     0.00     0.00     0.00     0.00
zero-tx2880        ours      0.00     0.00     0.00     0.00     0.00     0.00

agree 53 of 53
